candidate: [[1.97000000e+02 0.00000000e+00 1.17536314e-01 0.00000000e+00]
 [2.02000000e+02 7.30000000e+01 9.09225166e-01 1.00000000e+00]
 [1.99000000e+02 1.69000000e+02 9.43610609e-01 2.00000000e+00]
 [1.23000000e+02 1.72000000e+02 9.08808947e-01 3.00000000e+00]
 [0.00000000e+00 2.52000000e+02 5.81622183e-01 4.00000000e+00]
 [4.90000000e+01 2.52000000e+02 9.64072704e-01 5.00000000e+00]
 [0.00000000e+00 3.30000000e+02 5.02645850e-01 6.00000000e+00]
 [5.10000000e+01 3.35000000e+02 9.22772527e-01 7.00000000e+00]
 [2.82000000e+02 1.70000000e+02 9.33217824e-01 8.00000000e+00]
 [3.54000000e+02 2.59000000e+02 9.42010403e-01 9.00000000e+00]
 [3.50000000e+02 3.40000000e+02 8.64917696e-01 1.00000000e+01]
 [1.60000000e+02 3.98000000e+02 8.83878767e-01 1.10000000e+01]
 [1.58000000e+02 5.68000000e+02 9.72491860e-01 1.20000000e+01]
 [1.55000000e+02 7.25000000e+02 8.87899041e-01 1.30000000e+01]
 [1.54000000e+02 7.97000000e+02 2.39970282e-01 1.40000000e+01]
 [2.57000000e+02 3.94000000e+02 8.40833068e-01 1.50000000e+01]
 [2.60000000e+02 5.70000000e+02 9.82807398e-01 1.60000000e+01]
 [2.61000000e+02 7.38000000e+02 8.79059851e-01 1.70000000e+01]
 [2.60000000e+02 7.97000000e+02 3.71937335e-01 1.80000000e+01]
 [1.89000000e+02 0.00000000e+00 2.99356282e-01 1.90000000e+01]
 [1.90000000e+02 5.80000000e+01 9.73529756e-01 2.00000000e+01]
 [2.21000000e+02 0.00000000e+00 2.97791362e-01 2.10000000e+01]
 [2.20000000e+02 5.90000000e+01 9.62578297e-01 2.20000000e+01]
 [1.73000000e+02 0.00000000e+00 1.29365042e-01 2.30000000e+01]
 [1.65000000e+02 7.50000000e+01 9.76366103e-01 2.40000000e+01]
 [2.39000000e+02 7.50000000e+01 9.10592020e-01 2.50000000e+01]]
subset: [[ 1.          2.          3.          5.          7.          8.
   9.         10.         11.         12.         13.         15.
  16.         17.         20.         22.         24.         25.
  34.69586181 18.        ]]
